..\..\..\..\assets\Maps\Level4\background4.jpg
1111111111111111111111111111111111111111
1                                      1
1                                      1
1                                      1
1                                      1
1                                      1
1                                      1
1                                      1
1                                      1
1                                      1
1                                      1
1                                      1
1                                      1
1                                      1
1                                      1
1                                      1
1                                      1
1                                      1
1                                      1
1   c                                  1
1                                      1
11111111111                            1 