assets\Maps\Level4\background4-3.png
1111111111111111111111111111111111111111
1                       1              1
1                       1              1
1                       1              1
1                       1              1
1              1        1   11111111   1
         ff    1        1              1
c              1        1              1
               1        1              1
1   ff         1        1      2       1
1              1        1      1       1
1              1        1      1       1
1              1               1       1
1       11     1               1       1
1              1               1       1
1              1              11       1
1   2222222    1       ff     11       1
1sss111111111111              11       1
          1111                11       1
     3    1                   11       1
          1222222222222222222211       1
11111111111111111111111111111111       1 