assets\Maps\Level4\background4-2.png
11111111111111111111111111111111       1
111111            11                   1
111                                c   1
11                                     1
11            22        2  2           1
11       1111111111111111111111111111111
11                                   111
11                                     1
11                                     1
111       2222    22       222         1
1111111111111111111111111111111        1
11               111111                1
11                111                  1
11                11                   1
11      3         11                   1
11                1               ttt  1
11                                     1
11                                     1
11                                     1
11                                     1
11                         2222222222221
11   11111111111111111111111111111111111