assets\Maps\Level4\background4-2.png
1111111111111111111111111111111111111111
1                                      1
1                                  F   1
1                         2 111111111111
1                     2 1111111111111111
1                   11111111111111111111
1             2  21111111111111111111111
1           2111111111111111111111111111
1        2111111111111111111111111111111
1                                      1
1                                      1
111                                    1
11112   ff   ff ff  f  ff   ff    f    1
1111                                   1
11112222222222222222222222222222222    1
11111111111111111111111111111111111    1
                                       1
                                       1
                                       1
   c            21          12         1
           m                      d    1
1111111                                1