assets\Maps\Level3\JaimeBien.png
1111111111111111111111111111111111111111
1                                      1
1                                      1
1                                      1
1                                      1
1                                      1
1                                      1
1                                      1
1                                      1
1                                      1
1                                      1
1                                      1
1                                      1
1                                      1
1                                      1
1                                      1
                                       1
                                       1
                                       1
                                       1
1xxxxxx                                1
1                                      1