assets\Maps\Level3\JaimeBienbas.png
1                                      1
1                                      1
1                                      1
1                                      1
1                                      1
1                                      1
1                                      1
1                                      1
1                                      1
1                                      1
1                                      1
1                                      1
1                                      1
1                                      1
1                                      1
1                                      1
1                                      1
1                                      1
1                                       
1                                       
1                                       
1111111111111111111111111111111111111111