Maps\Level1\Loic_le_raciste.png
1111111111111111111111111111111111111111
1               11111         w        1
1   c            11           w     3  1
1                1            w        1
xxxxx                         11111    1
11XXX                             111111
1XX                    11              
1X                                  
1x                                     
1x                                    11 
1x         111111           11      1111    
1111111111111111            111111111111        
1111111111111111      111111111111111111                        
1111111111111111       11111111111111111 
1111111111111111        1111111111111111
1111111111111111        1111111111111111              
1111111111111111         111111111111111
1111111111111111         111111111111111              
1111111111111111         111111111111111
1111111111111111222222222111111111111111
1111111111111111111111111111111111111111