Maps\Level1\Background.png
1111111111111111111111111111111111111111
1                                      1
1                                      1
1                                      1
1                                      1
1                                      1
                                       1
                                       1
                                       1
1                                      1
1         ff                           1
1                                      1
1                                      1
1                                      1
1                                      1
1                                      1
1                                      1
1                                      1
1                                      1
1                                      1
1                                      1
1111111111111111111111111111111111111111