Maps\Level1\PresqueBlack.png
111111111111111111111111111111     11111
1111111x                               1
111111x                                1
1111x                                  1
xxxxx                                  1
11111                                  1
11111        11111                     1
11111                                  1
1x                                     1
1x                     111111111111    1
1x                                     1
1x                                     1
1x                                     1
1x                                     1
1x         11111                       1
1x         11111                       1
11       1111111                       1
11       1111111                       1
         11111111                      1
         11111111                      1
        11111111111        22          1
1111111111111111111111111111111111111111