11111111111111111111111111111111111    1
1                                     11
1                                   1111
1111111111111111111111111111111111111111                                      
1                                      1
1                                      1
1                                      1
1                                      1
1                                      1
1                                      1
1                                      1
1                                      1
1                                      1
1                                      1
1                                      1
1                                      1
1                                      1
1                                      1
1                                      1
1                                      1
1                                      1
1111111111111111111111111111111111111111