Maps\Level2\Background.png
1111111111111111111111111111111111111111
1111111111                             1
1111111111            1111             1
1111111111            w  1             1
1                     w 31             1
1                     w  1             1
1                     1111             1
1                                      1
1                                      1
1                                      1
1            d      22222              1
1                   11111              1
1                     112               
1                     112             c  
1                     112               
1   c                 112      g   11111
1      G     m        112              1
1111111111            112              1
1111111111            112              1
1111111111            112              1
1111111111            112222222222222221
1111111111111111111111111111111111111111