Maps\Level1\Background.png
1111111111111111111111111111111111111111
1                                      1
1                                      1
1                                      1
1                                      1
1       2                         3    1
1       1                              1
1       1    11111              111    1
1       1                              1
1       1                              1
1       1   1                          1
1           1                          1
            1                          1
 c          1                          1
                                       1
1111                                   1
1                                      1
1                                      1
1                                      1
1                                      1
122222222222222222222222    222222222221
111111111111111111111111    111111111111