Maps\Level1\PresqueBlack.png
111111111111111111111112  c 211111111111
111111111111111111111112    211111111111
111111111111111111111112    211111111111
111111111111111111111112    211111111111
111111111111111111111112    211111111111
111111111111111111111112    211111111111
111111111111111111111112    211111111111
111111111111111111111112    211111111111
111111111111111111111112    211111111111
111111111111111111111112    211111111111
111111111111111111111112    211111111111
111111111111111111111112    211111111111
111111111111111111111112    211111111111
111111111111111111111112    211111111111
111111111111111111111112    211111111111
                            w          1
                            w          1
                            w    3     1
                            w          1
111111111111111111111112    211111111111
111111111111111111111112    211111111111
1111111111111111111111122222211111111111