Maps\Level3\Loic_le_raciste.png
1111111111111111111111111111111111111111
1                                      1
1                                      1
1                                      1
1                                      1
1                                      1
1                                      1
1                                      1
1                                      1
1                                      1
1                                      1
1                                      1
1                                      1
1                                      1
1                                      1
1                                      1
                                       1
                                       1
                                       1
                                       1
1                                      1
1                                      1