Maps\Level3\Loic_le_raciste.png
1111111111111111111111111111111111111111
1           1                          1
1   c       1                          1
1           1                 3        1
xxxxx       1                          1
11111       1                          1
11111                                   
11111                          g        
11                                      
11                                     1
11                                     1
11                               1     1
11                               1     1
11      m        d               1     1
11                               1     1
11                               1     1
11                                     1
11                                     1
11                                     1
11                                     1
11                                     1
11                                     1