Maps\Level3\Loic_le_raciste.png
1111111111111111111111111111111111111111
1                                      1
1                                      1
1                                      1
1                       1111111111111111
1                       1              1
          ff            1              1
c                    ff 1              1
                                 1     1
1                                1     1
1                                1     1
1                                1     1
1                                1     1
1                                1     1
1                                1     1
1                                1     1
1                                1      
1                                1      
1                                1      
1                                1      
1   222222222222222222222222222222222221
1www111111111111111111111111111111111111