Maps\Level3\PresqueBlack.png
1                                      1
1                                      1
1                                      1
1                                      1
1                                      1
1                                      1
1                                      1
1                                      1
1                                      1
1                                      1
1                                      1
1                                      1
1                                      1
1                                      1
1                                      1
1                                      1
1                                      1
1                                      1
1                                       
1                                       
1                                       
1111111111111111111111111111111111111111