Maps\Level3\PresqueBlack.png
1   111111111111111111111111111111111111
1                                      1
1                                      1
1 c                                    1
1                                      1
1ss          ff                        1
1                                      1
1       g           ff      ff        t1
1                                      1
1                                      1
1                                      1
1                                      1
122222222222222222222222222222222      1
111111111111111111111111111111111      1
1                                      1
1               g                      1
1 3                                    1
1                                      1
1     ff                ffffff         1
1                                     11
1                                      1
1                                      1