Maps\Level3\JaimeBienbas.png
11111111111111111111111111111111111    1
1                                      1
1                                      1
1                                      1
1                      g               1
1                                   sss1
1        111                           1
1          1                           1
1          1                           1
1          1                           1
1          1                           1
1          1                           1
1                                      1
1                221111111             1
12222222222222222111111111111111       1
111111111111111111111111111111111111   1
111111111111111111111111111111111111   1
1                                      1
                                       1
c                                      1
             222         222222        1
1111111111111111111111111111111111111111