Maps\Level4\background4.jpg
                                        
                                        
                                        
                                        
                                        
                                        
                                        
                                        
                                        
                                        
                                        
                                        
                                        
                                        
                                        
                                        
                                        
     c        11111111111111            
       11111111111111111111111111       
    111111111111111111111111111111111111
    111111111111111111111111111111111111
   1111111111111111111111111111111111111