Assets/NWARR.png
                                        
                                        
                                        
2222222222222222222222222222222222222222
2222222222222222222222222222222222222222
2222222222222222222222222222222222222222
2222222222222222222222222222222222222222
2222222222222222222222222222222222222222
2222222222222222222222222222222222222222
2222222222222222222222222222222222222222
2222222222222222222222222222222222222222
2222222222222222222222222222222222222222
2222222222222222222222222222222222222222
2222222222222222222222222222222222222222
2222222222222222222222222222222222222222
2222222222222222222222222222222222222222
2222222222222222222222222222222222222222
2222222222222222222222222222222222222222
2222222222222222222222222222222222222222
2222222222222222222222222222222222222222
2222222222222222222222222222222222222222
2222222222222222222222222222222222222222
