Maps\Level4\background4-2.png
1   111111111111111111111111111111111111
1     1111111111111111111111111111111111
1      1111   11111111         111111111
1      111                         11111
11     11                ttt         111
11     11                ttt          11
11     11                ttt          11
11      1                             11
11             1                       1
11             111                     1
11             1111111111              1
11               111111                1
11                111                  1
11                11             2222221
11                11             1111111
11                1    11               
1                     11               
               11               
                      111               
            111         1111               
  22222211111111     1111222222222222222
1111111111111111111111111111111111111111                                       
                                        
                                        
                                        
                                        
                                        
                                        
                                        
                                        
                                        
                                        
                                        
                                        
                                        
                                        
                                        
                                        
                                        
                                        
                                        
                                        
                                        