Maps\Level4\background4.jpg
1111111111111111111111111111111111111111
1                       1              1
1                       1              1
1                       1              1
1                       1              1
1              1        1   11111111   1
         ff    1        1   22222222   1
c              1        1              1
               1        1              1
1   ff         1        1              1
1              1        1      1       1
1              1        1      1       1
1              1               1       1
1              1               1       1
1              1               1       1
1              1              11       1
12222222222    1       ff     11       1
1111111111111111              1        1
          1111                1        1
     3    1                   1        1
          122222222222222222221        1
1111111111111111111111111111111        1 