Maps\Level4\background4-2.png
1    11111111111111111111111111111111111
1    11111111111111111111111111111111111
1     1111    11111111         111111111
1     111      2                   11111
11  c 11                 ttt         111
11    11                 ttt          11
11    11                 ttt          11
11    11                              11
112   1                                1
111   1                                1
11    1      ff11111122                1
11    1        1 1111112               1
11   21ff      1  111111               1
11   11        1   11111         2222221
11    1        11   1111         1111111
11    1       111111111          111    
112          1111   111                 
111         11111  1111                 
111        11111111111                  
11112   22111    11111222               
11111111111111 11111111112222222222222  
1111111111111111111111111111111111111111