Maps\Level1\Climb.png
                                        
                                        
                                        
                                        
                                        
                                        
                                        
                                        
                                        
                                        
                                 1111111
                                 1      
                                 1      
                                 1      
                                 1      
                      11111      1      
     c                1          1      
                      1                 
111111                1                 
111111111             1                 
11111111111           1                 
11111111111111111111111                 