assets\Maps\Level1\Jump.png
                                        
                                        
                                        
                                        
                                        
                                        
                                        
                                        
                                        
                                        
                                        
                                        
                                        
                                        
                                        
                                        
                                        
                                        
                            11  11  1111
  c                         11  11  1111
                        11  11  11  1111
11111111  1111111111111111  11  11  1111